#### start process the data ####
> /home/yuning/CS535_final_project/src/dataset.py(609)process_data()
-> return train_dataset, valid_dataset, test_dataset
(Pdb) #### finish process the data ####
#### start loading the model ####
#### finish loading the model ####
=== inference for C_alpha = 8
j = 0, h_j = [0.0006560114, 1.716465e-06, 4.1993454e-07, 3.5680875e-07, 3.7426702e-07, 4.111695e-07, 4.582415e-07, 5.1406823e-07, 5.7911234e-07, 6.5450524e-07, 7.417576e-07, 8.4275274e-07, 9.598158e-07, 1.0958073e-06, 1.2542636e-06, 1.4395267e-06, 1.6568941e-06, 1.912796e-06, 2.2149998e-06, 2.5728032e-06, 2.997275e-06, 3.501482e-06, 4.1007484e-06, 4.812792e-06, 5.6578638e-06, 6.658758e-06, 7.840645e-06, 9.230527e-06, 1.0856802e-05, 1.2747939e-05, 1.49312755e-05, 1.7431297e-05, 2.0267555e-05, 2.3452967e-05, 2.6991584e-05, 3.0877254e-05, 3.5092693e-05, 3.960919e-05, 4.438706e-05, 4.937761e-05, 5.452466e-05, 5.97676e-05, 6.5044296e-05, 7.029347e-05, 7.545796e-05, 8.048627e-05, 8.533397e-05, 8.996482e-05, 9.435135e-05, 9.847355e-05, 0.00010232015, 0.00010588598, 0.00010917181, 0.00011218328, 0.000114930095, 0.000117424366, 0.00011968072, 0.00012171505, 0.00012354316, 0.000125182, 0.00012664849, 0.00012795949, 0.00012913105, 0.00013018094, 0.00013112629, 0.00013198558, 0.00013278035, 0.00013353329, 0.00013427128, 0.0001350265, 0.00013583594]
j = 1, h_j = [2.218487e-05, 6.507435e-07, 3.8014565e-07, 3.6714496e-07, 3.803407e-07, 3.9833753e-07, 4.1776e-07, 4.3801333e-07, 4.5909357e-07, 4.811388e-07, 5.042955e-07, 5.286826e-07, 5.543844e-07, 5.814555e-07, 6.099357e-07, 6.398548e-07, 6.712364e-07, 7.041101e-07, 7.3851214e-07, 7.744901e-07, 8.121031e-07, 8.514225e-07, 8.9254524e-07, 9.355721e-07, 9.806319e-07, 1.0278698e-06, 1.0774468e-06, 1.1295444e-06, 1.1843598e-06, 1.2421125e-06, 1.3030442e-06, 1.3674133e-06, 1.4354935e-06, 1.5075927e-06, 1.584035e-06, 1.6651725e-06, 1.7513779e-06, 1.843058e-06, 1.9406477e-06, 2.044621e-06, 2.155472e-06, 2.2737504e-06, 2.4000385e-06, 2.534955e-06, 2.6791827e-06, 2.833442e-06, 2.9985104e-06, 3.1752352e-06, 3.3644988e-06, 3.5672815e-06, 3.7846103e-06, 4.017608e-06, 4.267455e-06, 4.5354345e-06, 4.822891e-06, 5.131306e-06, 5.462224e-06, 5.8173114e-06, 6.198307e-06, 6.6070907e-06, 7.0456413e-06, 7.516053e-06, 8.020564e-06, 8.561454e-06, 9.1412085e-06, 9.762362e-06, 1.0427594e-05, 1.1139707e-05, 1.1901517e-05, 1.2716102e-05]
j = 2, h_j = [1.5134532e-05, 6.848436e-07, 4.3528578e-07, 4.344e-07, 4.5747123e-07, 4.827428e-07, 5.073248e-07, 5.3117816e-07, 5.547832e-07, 5.7863986e-07, 6.031529e-07, 6.2862296e-07, 6.552659e-07, 6.832428e-07, 7.126736e-07, 7.4366017e-07, 7.762841e-07, 8.1062205e-07, 8.4674383e-07, 8.847198e-07, 9.2461585e-07, 9.66499e-07, 1.0104452e-06, 1.0565185e-06, 1.1048021e-06, 1.1553783e-06, 1.2083298e-06, 1.2637562e-06, 1.3217553e-06, 1.3824399e-06, 1.44593e-06, 1.5123591e-06, 1.5818702e-06, 1.6546172e-06, 1.7307723e-06, 1.810519e-06, 1.8940556e-06, 1.9816014e-06, 2.0733876e-06, 2.1696653e-06, 2.2707036e-06, 2.3767918e-06, 2.4882445e-06, 2.6053854e-06, 2.728577e-06, 2.858199e-06, 2.9946466e-06, 3.1383563e-06, 3.2897842e-06, 3.4494267e-06, 3.6177814e-06, 3.7954176e-06, 3.982907e-06, 4.1808785e-06, 4.3899795e-06, 4.6109185e-06, 4.8444185e-06, 5.0912863e-06, 5.3523268e-06, 5.6284152e-06, 5.9204835e-06, 6.229514e-06, 6.5565373e-06, 6.9026237e-06, 7.26896e-06, 7.656709e-06, 8.067173e-06, 8.5016845e-06, 8.961651e-06]
j = 3, h_j = [1.6060876e-05, 7.863925e-07, 5.0720195e-07, 5.1884774e-07, 5.594982e-07, 6.026768e-07, 6.449618e-07, 6.8662763e-07, 7.2862997e-07, 7.719196e-07, 8.172791e-07, 8.653288e-07, 9.165844e-07, 9.714965e-07, 1.0304825e-06, 1.0939591e-06, 1.162352e-06, 1.2360977e-06, 1.3156634e-06, 1.4015585e-06, 1.4943091e-06, 1.5944989e-06, 1.7027437e-06, 1.8197211e-06, 1.9461559e-06, 2.082833e-06, 2.23061e-06, 2.390399e-06, 2.5632125e-06, 2.7501403e-06, 2.9523608e-06, 3.1711618e-06, 3.4079396e-06, 3.6642407e-06, 3.941704e-06, 4.2421516e-06, 4.5675815e-06, 4.920134e-06, 5.3021836e-06, 5.7162865e-06, 6.1652463e-06, 6.6521316e-06, 7.1802738e-06, 7.753305e-06, 8.375166e-06, 9.050164e-06, 9.7829225e-06, 1.0578538e-05, 1.144246e-05, 1.2380571e-05, 1.3399297e-05, 1.4505471e-05, 1.5706437e-05, 1.7010143e-05, 1.8425013e-05, 1.996008e-05, 2.162485e-05, 2.3429497e-05, 2.5384641e-05, 2.750152e-05, 2.9791972e-05, 3.2268006e-05, 3.4942484e-05, 3.7828308e-05, 4.0938787e-05, 4.4287615e-05, 4.7888258e-05, 5.175467e-05]
j = 4, h_j = [1.815172e-05, 8.9896406e-07, 5.753042e-07, 5.973575e-07, 6.5619395e-07, 7.195013e-07, 7.8314594e-07, 8.477684e-07, 9.149338e-07, 9.862122e-07, 1.0629867e-06, 1.1464987e-06, 1.2379097e-06, 1.3384023e-06, 1.4492157e-06, 1.571705e-06, 1.7073747e-06, 1.8579174e-06, 2.0252303e-06, 2.2114707e-06, 2.419088e-06, 2.6508549e-06, 2.909945e-06, 3.1999737e-06, 3.525056e-06, 3.8898793e-06, 4.299834e-06, 4.7610056e-06, 5.2804244e-06, 5.8660466e-06, 6.5270283e-06, 7.273772e-06, 8.118126e-06, 9.073654e-06, 1.0155798e-05, 1.1382014e-05, 1.2772251e-05, 1.4349063e-05, 1.613792e-05, 1.8167548e-05, 2.0470234e-05, 2.3082062e-05, 2.6043468e-05, 2.9399105e-05, 3.319836e-05, 3.749537e-05, 4.2349104e-05, 4.7823363e-05, 5.3986674e-05, 6.0911483e-05, 6.867375e-05, 7.735266e-05, 8.7028835e-05, 9.7784105e-05, 0.000109702356, 0.0001228763, 0.00013743168, 0.00015360105, 0.00017189888, 0.00019351627, 0.00022112082, 0.00026051037, 0.00032445564, 0.00044341682, 0.0007019101, 0.0013924688, 0.0038849749]
j = 5, h_j = [1.8706773e-05, 9.3436114e-07, 5.965127e-07, 6.2199285e-07, 6.868923e-07, 7.570023e-07, 8.2787557e-07, 9.001823e-07, 9.756618e-07, 1.0561356e-06, 1.1432471e-06, 1.2385119e-06, 1.3433998e-06, 1.4594181e-06, 1.5881886e-06, 1.7315119e-06, 1.8914095e-06, 2.0701827e-06, 2.2704655e-06, 2.4952735e-06, 2.7480849e-06, 3.0329184e-06, 3.354394e-06, 3.7178854e-06, 4.129562e-06, 4.5966235e-06, 5.127373e-06, 5.731461e-06, 6.4200667e-06, 7.20615e-06, 8.104743e-06, 9.133227e-06, 1.0311754e-05, 1.1663623e-05, 1.3215689e-05, 1.4998951e-05, 1.7048957e-05, 1.9406481e-05, 2.2118118e-05, 2.5236825e-05, 2.8822575e-05, 3.294297e-05, 3.7673577e-05, 4.309859e-05, 4.93106e-05, 5.6411256e-05, 6.450984e-05, 7.372389e-05, 8.4177096e-05, 9.5998366e-05, 0.00010932078, 0.00012428424, 0.00014105273, 0.00015987366, 0.0001812566, 0.00020642109, 0.00023830507, 0.00028377215, 0.0003589316, 0.00050473487, 0.00084442954, 0.0018576107, 0.006211098, 0.037191495, 0.3214363, 0.8731697]
j = 6, h_j = [1.9029354e-05, 9.546926e-07, 6.075207e-07, 6.349226e-07, 7.033343e-07, 7.77287e-07, 8.5212764e-07, 9.285304e-07, 1.0083447e-06, 1.0935253e-06, 1.1858765e-06, 1.2870702e-06, 1.3987384e-06, 1.5225615e-06, 1.6603615e-06, 1.814159e-06, 1.986256e-06, 2.1792666e-06, 2.3962007e-06, 2.6405353e-06, 2.9162845e-06, 3.2281055e-06, 3.5814214e-06, 3.9825045e-06, 4.4387034e-06, 4.958524e-06, 5.551914e-06, 6.230464e-06, 7.0077e-06, 7.899411e-06, 8.923973e-06, 1.0102823e-05, 1.1460938e-05, 1.3027338e-05, 1.4835695e-05, 1.6925063e-05, 1.9340525e-05, 2.2134069e-05, 2.5365285e-05, 2.9102197e-05, 3.342231e-05, 3.8413003e-05, 4.417255e-05, 5.0810064e-05, 5.844623e-05, 6.7212764e-05, 7.725182e-05, 8.871522e-05, 0.000101762394, 0.00011656067, 0.00013329361, 0.00015219157, 0.00017365074, 0.00019855834, 0.00022909656, 0.00027056763, 0.00033567272, 0.0004563592, 0.00072520785, 0.0014827824, 0.0044917287, 0.0240919, 0.21735995, 0.8154247, 0.9709656]
j = 7, h_j = [1.9282254e-05, 9.642324e-07, 6.121606e-07, 6.395449e-07, 7.085587e-07, 7.832908e-07, 8.591157e-07, 9.368076e-07, 1.0183041e-06, 1.1056137e-06, 1.2005925e-06, 1.3049718e-06, 1.4204563e-06, 1.548838e-06, 1.6920632e-06, 1.8523054e-06, 2.0320556e-06, 2.2341528e-06, 2.4618837e-06, 2.7190492e-06, 3.0100623e-06, 3.3400615e-06, 3.7150216e-06, 4.1419153e-06, 4.6288856e-06, 5.185458e-06, 5.822751e-06, 6.553774e-06, 7.3937726e-06, 8.3605455e-06, 9.47494e-06, 1.0761287e-05, 1.224801e-05, 1.3968233e-05, 1.596047e-05, 1.8269431e-05, 2.0946869e-05, 2.4052439e-05, 2.7654587e-05, 3.183168e-05, 3.667247e-05, 4.22776e-05, 4.875911e-05, 5.6242054e-05, 6.486367e-05, 7.477303e-05, 8.613041e-05, 9.910509e-05, 0.000113876056, 0.00013063557, 0.00014961825, 0.00017120107, 0.0001962051, 0.00022665317, 0.00026753868, 0.00033097653, 0.00044760038, 0.0007061027, 0.001431841, 0.0043063196, 0.023063412, 0.21167193, 0.81472456, 0.9715452]
j = 8, h_j = [1.9605035e-05, 9.728168e-07, 6.159013e-07, 6.4265566e-07, 7.115313e-07, 7.863415e-07, 8.625357e-07, 9.4101796e-07, 1.0237844e-06, 1.1128833e-06, 1.2102026e-06, 1.3175141e-06, 1.4366e-06, 1.5693504e-06, 1.7178439e-06, 1.8844236e-06, 2.0717669e-06, 2.2829674e-06, 2.5215975e-06, 2.7918134e-06, 3.0984586e-06, 3.4471705e-06, 3.8445537e-06, 4.2983256e-06, 4.817522e-06, 5.412723e-06, 6.096349e-06, 6.882982e-06, 7.789696e-06, 8.836524e-06, 1.0046924e-05, 1.144842e-05, 1.3073162e-05, 1.4958668e-05, 1.7148654e-05, 1.9693895e-05, 2.2653161e-05, 2.6094185e-05, 3.0094714e-05, 3.4743454e-05, 4.0140945e-05, 4.6400444e-05, 5.3647957e-05, 6.2023166e-05, 7.167856e-05, 8.277817e-05, 9.549729e-05, 0.0001100202, 0.00012654418, 0.00014529913, 0.000166631, 0.00019125562, 0.00022093409, 0.00026007261, 0.0003194849, 0.00042648177, 0.0006590315, 0.0012963723, 0.003736515, 0.019006245, 0.17398778, 0.7810258, 0.9689266]
j = 9, h_j = [1.9550256e-05, 9.810173e-07, 6.216975e-07, 6.4956544e-07, 7.2024693e-07, 7.9705814e-07, 8.7531527e-07, 9.559006e-07, 1.0408511e-06, 1.1322882e-06, 1.232176e-06, 1.3423728e-06, 1.46475e-06, 1.6012831e-06, 1.754156e-06, 1.925832e-06, 2.1191422e-06, 2.337347e-06, 2.5842326e-06, 2.8642075e-06, 3.182432e-06, 3.5449193e-06, 3.9587394e-06, 4.4321723e-06, 4.974951e-06, 5.5985115e-06, 6.3163034e-06, 7.1441823e-06, 8.100772e-06, 9.208002e-06, 1.04916735e-05, 1.1982054e-05, 1.3714771e-05, 1.5731412e-05, 1.8080644e-05, 2.0819172e-05, 2.4012928e-05, 2.7737893e-05, 3.208176e-05, 3.7144673e-05, 4.304043e-05, 4.989725e-05, 5.785852e-05, 6.708265e-05, 7.774253e-05, 9.002507e-05, 0.00010412889, 0.00012026738, 0.00013868255, 0.00015971002, 0.00018399533, 0.00021309489, 0.00025095697, 0.00030744806, 0.00040772973, 0.0006236073, 0.0012108912, 0.003443604, 0.017369878, 0.16175489, 0.7707876, 0.9681894]
j = 10, h_j = [1.9639654e-05, 9.879178e-07, 6.2578886e-07, 6.5423694e-07, 7.260412e-07, 8.04168e-07, 8.8393716e-07, 9.663037e-07, 1.0533835e-06, 1.147365e-06, 1.2502891e-06, 1.3641024e-06, 1.490782e-06, 1.6324359e-06, 1.791403e-06, 1.9703514e-06, 2.1723279e-06, 2.4008946e-06, 2.6601795e-06, 2.9550085e-06, 3.2910584e-06, 3.6749705e-06, 4.114569e-06, 4.619052e-06, 5.199284e-06, 5.8681167e-06, 6.640621e-06, 7.534727e-06, 8.571503e-06, 9.775908e-06, 1.1177399e-05, 1.2810629e-05, 1.4716453e-05, 1.6942859e-05, 1.954608e-05, 2.2591763e-05, 2.6156222e-05, 3.0327967e-05, 3.520888e-05, 4.0915216e-05, 4.7579357e-05, 5.5350094e-05, 6.4393185e-05, 7.4890915e-05, 8.704228e-05, 0.000101059944, 0.0001171736, 0.00013564179, 0.0001568166, 0.00018135825, 0.00021085591, 0.00024939227, 0.0003073408, 0.00041167988, 0.00064140814, 0.001288801, 0.0038941733, 0.021602811, 0.2134557, 0.82840794, 0.97408354]
j = 11, h_j = [1.98468e-05, 9.983246e-07, 6.310544e-07, 6.5979714e-07, 7.3266716e-07, 8.121061e-07, 8.934275e-07, 9.77655e-07, 1.0669924e-06, 1.1636985e-06, 1.2698935e-06, 1.3876257e-06, 1.5189763e-06, 1.6662019e-06, 1.8318188e-06, 2.018701e-06, 2.2301635e-06, 2.4700723e-06, 2.7429423e-06, 3.0540832e-06, 3.4097013e-06, 3.8171684e-06, 4.285122e-06, 4.8238203e-06, 5.445383e-06, 6.164141e-06, 6.997109e-06, 7.964434e-06, 9.089988e-06, 1.0402088e-05, 1.1934203e-05, 1.3725972e-05, 1.5824098e-05, 1.8283725e-05, 2.1169457e-05, 2.4556917e-05, 2.8534265e-05, 3.3203552e-05, 3.8682385e-05, 4.5105204e-05, 5.262462e-05, 6.141167e-05, 7.165655e-05, 8.356765e-05, 9.737115e-05, 0.000113310634, 0.00013165876, 0.00015277228, 0.0001772849, 0.00020669367, 0.000244874, 0.0003018254, 0.0004038583, 0.000628583, 0.0012652996, 0.003858366, 0.021890853, 0.22219276, 0.83898556, 0.97547543]
j = 12, h_j = [2.0012762e-05, 1.0100714e-06, 6.37308e-07, 6.6659106e-07, 7.4095726e-07, 8.222026e-07, 9.05569e-07, 9.921288e-07, 1.084159e-06, 1.1840142e-06, 1.2939153e-06, 1.4160227e-06, 1.5525587e-06, 1.7059359e-06, 1.8788679e-06, 2.0744596e-06, 2.2963263e-06, 2.5486704e-06, 2.8364432e-06, 3.165463e-06, 3.5425944e-06, 3.9759625e-06, 4.475189e-06, 5.0516946e-06, 5.7190127e-06, 6.4932788e-06, 7.3936308e-06, 8.4428975e-06, 9.668137e-06, 1.1101633e-05, 1.2781683e-05, 1.4753749e-05, 1.7071638e-05, 1.979886e-05, 2.3010325e-05, 2.6793698e-05, 3.1251402e-05, 3.650234e-05, 4.2683358e-05, 4.9951243e-05, 5.8483245e-05, 6.847848e-05, 8.015738e-05, 9.376082e-05, 0.00010955162, 0.00012782194, 0.00014894156, 0.00017353785, 0.0002030526, 0.00024124132, 0.00029794965, 0.00039946724, 0.0006243682, 0.0012703188, 0.0039675767, 0.023521015, 0.24621288, 0.85834646, 0.9775339]
j = 13, h_j = [2.0317135e-05, 1.0207212e-06, 6.423309e-07, 6.7135295e-07, 7.4613655e-07, 8.280824e-07, 9.125026e-07, 1.0006237e-06, 1.0948107e-06, 1.1974912e-06, 1.3109566e-06, 1.4374717e-06, 1.5794011e-06, 1.7393369e-06, 1.920224e-06, 2.125457e-06, 2.3590017e-06, 2.6255043e-06, 2.9304415e-06, 3.2802916e-06, 3.682738e-06, 4.146887e-06, 4.6835835e-06, 5.3057443e-06, 6.028762e-06, 6.870993e-06, 7.85437e-06, 9.005086e-06, 1.0354403e-05, 1.1939599e-05, 1.3805131e-05, 1.6003816e-05, 1.8598479e-05, 2.1663202e-05, 2.5285584e-05, 2.9568313e-05, 3.4631117e-05, 4.0612777e-05, 4.767319e-05, 5.5994384e-05, 6.578172e-05, 7.726405e-05, 9.069319e-05, 0.00010634415, 0.00012452244, 0.00014560536, 0.00017020787, 0.0001997158, 0.0002377613, 0.00029400593, 0.00039458863, 0.00061848084, 0.0012688477, 0.004041827, 0.024865143, 0.26703647, 0.8730904, 0.97926384]
j = 14, h_j = [2.0292311e-05, 1.0218549e-06, 6.4306033e-07, 6.7270395e-07, 7.4855126e-07, 8.3193567e-07, 9.1821e-07, 1.0086486e-06, 1.1057107e-06, 1.2119119e-06, 1.329685e-06, 1.4614346e-06, 1.609732e-06, 1.7774081e-06, 1.9676925e-06, 2.1843603e-06, 2.4318008e-06, 2.7152194e-06, 3.0407784e-06, 3.415781e-06, 3.8489266e-06, 4.350619e-06, 4.933252e-06, 5.611661e-06, 6.4036544e-06, 7.330541e-06, 8.417877e-06, 9.6962995e-06, 1.1202562e-05, 1.2980659e-05, 1.5083178e-05, 1.7572836e-05, 2.0524378e-05, 2.4026212e-05, 2.8182802e-05, 3.3116718e-05, 3.8970964e-05, 4.5910907e-05, 5.412617e-05, 6.383194e-05, 7.526938e-05, 8.870541e-05, 0.00010443199, 0.0001227716, 0.00014411166, 0.00016905334, 0.0001989123, 0.00023714773, 0.00029310863, 0.00039239982, 0.0006128086, 0.0012539583, 0.004002912, 0.024918335, 0.27220947, 0.8780229, 0.98001456]
j = 15, h_j = [2.052383e-05, 1.0328852e-06, 6.4893885e-07, 6.784703e-07, 7.5489714e-07, 8.391246e-07, 9.265331e-07, 1.0184945e-06, 1.1175396e-06, 1.226256e-06, 1.347146e-06, 1.482717e-06, 1.6356679e-06, 1.8089934e-06, 2.0061495e-06, 2.2311547e-06, 2.4887427e-06, 2.784512e-06, 3.1251373e-06, 3.5185406e-06, 3.974211e-06, 4.5035063e-06, 5.120014e-06, 5.8400906e-06, 6.6833786e-06, 7.673479e-06, 8.838833e-06, 1.0213609e-05, 1.18388925e-05, 1.3764037e-05, 1.604826e-05, 1.87623e-05, 2.1990494e-05, 2.5833115e-05, 3.0408304e-05, 3.5855246e-05, 4.2335938e-05, 5.003763e-05, 5.9174505e-05, 6.998941e-05, 8.2752755e-05, 9.7763215e-05, 0.000115349714, 0.00013589296, 0.00015992885, 0.0001885224, 0.0002244078, 0.00027505483, 0.00036103808, 0.00054362224, 0.0010479406, 0.0030559944, 0.016910663, 0.18415752, 0.82340765, 0.9758681]
j = 16, h_j = [2.0574902e-05, 1.0444188e-06, 6.563078e-07, 6.8720936e-07, 7.660323e-07, 8.5299104e-07, 9.433523e-07, 1.038535e-06, 1.1411731e-06, 1.2539933e-06, 1.3796451e-06, 1.5208143e-06, 1.6803882e-06, 1.8616063e-06, 2.0681975e-06, 2.304527e-06, 2.5757686e-06, 2.8880374e-06, 3.2486676e-06, 3.666401e-06, 4.1517624e-06, 4.717365e-06, 5.3784224e-06, 6.153287e-06, 7.0640895e-06, 8.137582e-06, 9.406156e-06, 1.090884e-05, 1.2692936e-05, 1.4815362e-05, 1.7344706e-05, 2.0363379e-05, 2.3970006e-05, 2.8282098e-05, 3.3438955e-05, 3.960443e-05, 4.6970392e-05, 5.5758333e-05, 6.622218e-05, 7.864896e-05, 9.3359355e-05, 0.00011070973, 0.00013111254, 0.00015513363, 0.00018385853, 0.00022004859, 0.00027135608, 0.00035930102, 0.0005496497, 0.0010930925, 0.0033823296, 0.020655468, 0.23846523, 0.86691475, 0.97957534]
j = 17, h_j = [2.0887783e-05, 1.0626948e-06, 6.644484e-07, 6.9587384e-07, 7.767639e-07, 8.661808e-07, 9.592411e-07, 1.0574277e-06, 1.1634921e-06, 1.2802954e-06, 1.410634e-06, 1.5573694e-06, 1.7235809e-06, 1.9127413e-06, 2.1288652e-06, 2.3766738e-06, 2.6617527e-06, 2.9907821e-06, 3.3717388e-06, 3.8141916e-06, 4.329683e-06, 4.9321043e-06, 5.638247e-06, 6.4684577e-06, 7.447329e-06, 8.604722e-06, 9.976842e-06, 1.160752e-05, 1.354995e-05, 1.5868496e-05, 1.8640776e-05, 2.1960483e-05, 2.5939762e-05, 3.0712854e-05, 3.643897e-05, 4.330607e-05, 5.1534033e-05, 6.137736e-05, 7.3127885e-05, 8.711552e-05, 0.0001037113, 0.00012333928, 0.00014654304, 0.00017425415, 0.00020869057, 0.00025596397, 0.00033337885, 0.0004930489, 0.00092504243, 0.002613644, 0.014123875, 0.15896262, 0.80683136, 0.97515565]
j = 18, h_j = [2.068397e-05, 1.0598891e-06, 6.6466635e-07, 6.9702554e-07, 7.790058e-07, 8.6995743e-07, 9.651395e-07, 1.0661522e-06, 1.1758696e-06, 1.2972982e-06, 1.4334249e-06, 1.5873468e-06, 1.762453e-06, 1.9626098e-06, 2.1923283e-06, 2.4569583e-06, 2.7628637e-06, 3.1176892e-06, 3.5306612e-06, 4.01289e-06, 4.5778734e-06, 5.241961e-06, 6.0250372e-06, 6.951336e-06, 8.050358e-06, 9.358162e-06, 1.0918623e-05, 1.2785316e-05, 1.5023458e-05, 1.7712315e-05, 2.0948028e-05, 2.4846664e-05, 2.9547791e-05, 3.521835e-05, 4.2056436e-05, 5.0295104e-05, 6.0205784e-05, 7.210126e-05, 8.633615e-05, 0.00010331037, 0.0001234798, 0.00014742628, 0.00017614283, 0.00021202602, 0.00026182013, 0.00034505563, 0.0005223744, 0.0010258934, 0.0031526994, 0.019491175, 0.23566122, 0.87148213, 0.98055845]
j = 19, h_j = [2.0169604e-05, 1.0554348e-06, 6.656966e-07, 7.001074e-07, 7.844031e-07, 8.7808775e-07, 9.763952e-07, 1.0809357e-06, 1.1946943e-06, 1.3208455e-06, 1.4625724e-06, 1.6232332e-06, 1.8065073e-06, 2.0166228e-06, 2.258536e-06, 2.5381432e-06, 2.8625034e-06, 3.2401467e-06, 3.6813894e-06, 4.1987632e-06, 4.8075167e-06, 5.5262835e-06, 6.3778257e-06, 7.390022e-06, 8.597044e-06, 1.0040851e-05, 1.1772827e-05, 1.3856069e-05, 1.6367743e-05, 1.9402078e-05, 2.3074008e-05, 2.7522721e-05, 3.2916214e-05, 3.9455677e-05, 4.7380585e-05, 5.69722e-05, 6.855807e-05, 8.2513994e-05, 9.926607e-05, 0.00011930106, 0.00014322039, 0.00017199005, 0.00020785058, 0.000257141, 0.00033856265, 0.00051096047, 0.001001355, 0.003092353, 0.019508269, 0.24264476, 0.877852, 0.98115873]
j = 20, h_j = [2.0057892e-05, 1.0637026e-06, 6.717013e-07, 7.077388e-07, 7.9467947e-07, 8.914393e-07, 9.930886e-07, 1.1012424e-06, 1.218992e-06, 1.3496717e-06, 1.4966681e-06, 1.6635536e-06, 1.8542639e-06, 2.07334e-06, 2.3261084e-06, 2.618927e-06, 2.9594419e-06, 3.3569156e-06, 3.8225958e-06, 4.370196e-06, 5.0164667e-06, 5.7819802e-06, 6.691925e-06, 7.777373e-06, 9.0764925e-06, 1.0636362e-05, 1.2515021e-05, 1.47838045e-05, 1.7530656e-05, 2.0863297e-05, 2.4913525e-05, 2.9841789e-05, 3.584246e-05, 4.3149008e-05, 5.2039828e-05, 6.284298e-05, 7.594046e-05, 9.1772126e-05, 0.00011084156, 0.00013375274, 0.00016138384, 0.00019556745, 0.00024134116, 0.0003136984, 0.00045961863, 0.0008541429, 0.0024269244, 0.013707421, 0.16820142, 0.82914996, 0.9776368]
j = 21, h_j = [2.082676e-05, 1.0876759e-06, 6.820384e-07, 7.169082e-07, 8.039487e-07, 9.0112536e-07, 1.0036858e-06, 1.1135245e-06, 1.2339164e-06, 1.3683109e-06, 1.5202371e-06, 1.6934417e-06, 1.8921346e-06, 2.121213e-06, 2.3864764e-06, 2.6948962e-06, 3.054899e-06, 3.4767459e-06, 3.97293e-06, 4.5588e-06, 5.2531814e-06, 6.0792336e-06, 7.0655447e-06, 8.247351e-06, 9.6683225e-06, 1.1382404e-05, 1.34562815e-05, 1.5972346e-05, 1.9032186e-05, 2.2760696e-05, 2.7310682e-05, 3.2868476e-05, 3.9659462e-05, 4.795397e-05, 5.8073325e-05, 7.039463e-05, 8.5355125e-05, 0.00010345745, 0.00012529545, 0.00015167957, 0.00018416243, 0.00022686204, 0.0002920804, 0.00041832204, 0.00074539083, 0.0019791988, 0.010172975, 0.119790874, 0.7734273, 0.9741866]
j = 22, h_j = [2.1164897e-05, 1.107376e-06, 6.929124e-07, 7.289177e-07, 8.1868797e-07, 9.1911585e-07, 1.0253575e-06, 1.1394484e-06, 1.2648461e-06, 1.4052256e-06, 1.5643537e-06, 1.746291e-06, 1.9556223e-06, 2.1976955e-06, 2.4789124e-06, 2.8069771e-06, 3.19127e-06, 3.6432432e-06, 4.176965e-06, 4.8097363e-06, 5.5629166e-06, 6.462933e-06, 7.5425774e-06, 8.842527e-06, 1.0413363e-05, 1.2317987e-05, 1.4634607e-05, 1.7460246e-05, 2.0915211e-05, 2.5147932e-05, 3.0341043e-05, 3.6717753e-05, 4.4548713e-05, 5.4159733e-05, 6.593786e-05, 8.0337515e-05, 9.788878e-05, 0.00011921942, 0.00014517171, 0.00017729538, 0.0002196277, 0.00028435877, 0.00041042597, 0.0007427269, 0.0020400893, 0.011205539, 0.14211285, 0.811877, 0.9772613]
j = 23, h_j = [2.1164857e-05, 1.1218771e-06, 7.0152964e-07, 7.392337e-07, 8.3226587e-07, 9.3653784e-07, 1.0470158e-06, 1.1657912e-06, 1.2964969e-06, 1.4430537e-06, 1.6095048e-06, 1.8002471e-06, 2.0202417e-06, 2.2753427e-06, 2.5725333e-06, 2.920292e-06, 3.328963e-06, 3.811239e-06, 4.3827845e-06, 5.0629324e-06, 5.8756877e-06, 6.8509316e-06, 8.025813e-06, 9.4467905e-06, 1.11718355e-05, 1.3273411e-05, 1.5842095e-05, 1.8990848e-05, 2.2860328e-05, 2.762496e-05, 3.350011e-05, 4.075019e-05, 4.969657e-05, 6.0727394e-05, 7.430405e-05, 9.097209e-05, 0.00011137873, 0.00013635842, 0.00016730987, 0.00020763825, 0.00026753766, 0.0003797406, 0.0006642874, 0.0017265123, 0.008794413, 0.10759733, 0.7644977, 0.974146]
j = 24, h_j = [2.1458367e-05, 1.1356558e-06, 7.0638345e-07, 7.4346445e-07, 8.3718544e-07, 9.4289175e-07, 1.0557187e-06, 1.178029e-06, 1.31369e-06, 1.4668636e-06, 1.6419318e-06, 1.8437192e-06, 2.0777939e-06, 2.3507644e-06, 2.6706216e-06, 3.0471303e-06, 3.4923246e-06, 4.021042e-06, 4.651738e-06, 5.4073885e-06, 6.3166403e-06, 7.4154227e-06, 8.748764e-06, 1.0373182e-05, 1.2359737e-05, 1.4797684e-05, 1.7799011e-05, 2.150401e-05, 2.6087766e-05, 3.1767693e-05, 3.8812377e-05, 4.755078e-05, 5.838161e-05, 7.178308e-05, 8.83217e-05, 0.00010866828, 0.00013366553, 0.00016464102, 0.00020466668, 0.0002628962, 0.00036895034, 0.0006307644, 0.0015797265, 0.007648812, 0.09062013, 0.73284227, 0.9727358]
j = 25, h_j = [2.1961027e-05, 1.1585494e-06, 7.1845363e-07, 7.559605e-07, 8.517051e-07, 9.600263e-07, 1.076159e-06, 1.2027125e-06, 1.343815e-06, 1.5038935e-06, 1.6876475e-06, 1.900323e-06, 2.148023e-06, 2.4380845e-06, 2.7794179e-06, 3.1830025e-06, 3.662431e-06, 4.234577e-06, 4.9205564e-06, 5.7467864e-06, 6.7464816e-06, 7.961487e-06, 9.444573e-06, 1.126242e-05, 1.34992615e-05, 1.626157e-05, 1.9683604e-05, 2.3934235e-05, 2.9225012e-05, 3.5819638e-05, 4.404409e-05, 5.42977e-05, 6.706474e-05, 8.292481e-05, 0.00010256964, 0.00012686315, 0.00015712313, 0.00019629343, 0.0002531308, 0.00035642978, 0.0006130344, 0.001561, 0.007864196, 0.09900629, 0.76035434, 0.97512937]
j = 26, h_j = [2.1974603e-05, 1.172083e-06, 7.274538e-07, 7.66927e-07, 8.6622214e-07, 9.789052e-07, 1.1001549e-06, 1.2327826e-06, 1.3812012e-06, 1.550227e-06, 1.7450191e-06, 1.9714078e-06, 2.236233e-06, 2.5477661e-06, 2.9161454e-06, 3.3539209e-06, 3.87674e-06, 4.5042016e-06, 5.2609316e-06, 6.17803e-06, 7.2948346e-06, 8.661266e-06, 1.0340766e-05, 1.2414076e-05, 1.4983882e-05, 1.8180895e-05, 2.2170912e-05, 2.7163715e-05, 3.3423523e-05, 4.128072e-05, 5.114501e-05, 6.351934e-05, 7.901325e-05, 9.836318e-05, 0.00012249072, 0.00015277577, 0.00019223338, 0.00024985924, 0.00035587803, 0.0006260271, 0.0016724468, 0.009242518, 0.12894584, 0.81653047, 0.97907376]
j = 27, h_j = [2.2438497e-05, 1.1971715e-06, 7.3907296e-07, 7.7878445e-07, 8.8055646e-07, 9.967188e-07, 1.1224998e-06, 1.2610042e-06, 1.4170089e-06, 1.5957371e-06, 1.8028928e-06, 2.0449877e-06, 2.3297716e-06, 2.6667074e-06, 3.0675048e-06, 3.5467656e-06, 4.122841e-06, 4.818891e-06, 5.664256e-06, 6.6962402e-06, 7.962444e-06, 9.523678e-06, 1.1457835e-05, 1.3864689e-05, 1.6872107e-05, 2.0643532e-05, 2.5387546e-05, 3.136923e-05, 3.892298e-05, 4.8467697e-05, 6.0522507e-05, 7.572366e-05, 9.484532e-05, 0.00011885664, 0.00014917977, 0.00018883364, 0.00024681154, 0.00035384385, 0.0006303384, 0.0017342971, 0.010188933, 0.15196536, 0.8472171, 0.9814401]
j = 28, h_j = [2.2429896e-05, 1.2113111e-06, 7.483157e-07, 7.9006236e-07, 8.9568147e-07, 1.016734e-06, 1.1484597e-06, 1.2942238e-06, 1.4592008e-06, 1.6491286e-06, 1.8703582e-06, 2.130238e-06, 2.4375963e-06, 2.8033014e-06, 3.240913e-06, 3.7674765e-06, 4.4045896e-06, 5.179705e-06, 6.127907e-06, 7.294181e-06, 8.736342e-06, 1.052898e-05, 1.2768209e-05, 1.5578325e-05, 1.911958e-05, 2.3598393e-05, 2.9279632e-05, 3.6501504e-05, 4.5692257e-05, 5.738935e-05, 7.22593e-05, 9.112281e-05, 0.000115011426, 0.00014541499, 0.0001854088, 0.00024413131, 0.00035343185, 0.000641779, 0.0018430366, 0.011783415, 0.18934655, 0.8794827, 0.98364544]
j = 29, h_j = [2.1834187e-05, 1.2160775e-06, 7.5556846e-07, 8.014348e-07, 9.128195e-07, 1.0406228e-06, 1.1798369e-06, 1.3339246e-06, 1.5084211e-06, 1.7096004e-06, 1.9444676e-06, 2.2211682e-06, 2.5495456e-06, 2.9417427e-06, 3.4130003e-06, 3.982573e-06, 4.6750065e-06, 5.5217006e-06, 6.5630184e-06, 7.851105e-06, 9.453423e-06, 1.14575505e-05, 1.39774e-05, 1.7161088e-05, 2.1201136e-05, 2.6347288e-05, 3.2922308e-05, 4.1340838e-05, 5.2131225e-05, 6.59605e-05, 8.366269e-05, 0.00010629022, 0.00013530282, 0.00017343528, 0.0002283342, 0.00032649614, 0.00057394913, 0.0015553206, 0.009179913, 0.1449676, 0.8490519, 0.98174876]
j = 30, h_j = [2.2003751e-05, 1.2391523e-06, 7.684454e-07, 8.157684e-07, 9.3083383e-07, 1.0633111e-06, 1.2082376e-06, 1.3694493e-06, 1.5529466e-06, 1.7655585e-06, 2.0149967e-06, 2.310319e-06, 2.6625805e-06, 3.085543e-06, 3.5965907e-06, 4.217891e-06, 4.977865e-06, 5.9131594e-06, 7.071247e-06, 8.513904e-06, 1.032171e-05, 1.2599999e-05, 1.5486754e-05, 1.916277e-05, 2.3864446e-05, 2.9900304e-05, 3.767099e-05, 4.76932e-05, 6.0627175e-05, 7.730945e-05, 9.880332e-05, 0.00012655914, 0.00016314766, 0.00021544597, 0.00030724882, 0.0005343966, 0.001423948, 0.0082876505, 0.13339931, 0.8423405, 0.9815809]
j = 31, h_j = [2.263066e-05, 1.2790359e-06, 7.882786e-07, 8.3704816e-07, 9.572617e-07, 1.0963466e-06, 1.2492261e-06, 1.4201476e-06, 1.6157179e-06, 1.8435153e-06, 2.1121896e-06, 2.432042e-06, 2.81575e-06, 3.279247e-06, 3.842816e-06, 4.532555e-06, 5.382178e-06, 6.4355504e-06, 7.7499935e-06, 9.400651e-06, 1.1486455e-05, 1.4137818e-05, 1.752698e-05, 2.1881211e-05, 2.7500106e-05, 3.4777e-05, 4.4225322e-05, 5.6510326e-05, 7.2486226e-05, 9.3252755e-05, 0.00012031073, 0.00015625895, 0.00020788904, 0.00029883895, 0.0005264299, 0.0014441367, 0.008959518, 0.15533909, 0.86730826, 0.98324513]
j = 32, h_j = [2.203899e-05, 1.2821746e-06, 7.9612676e-07, 8.495975e-07, 9.763803e-07, 1.1235752e-06, 1.2860321e-06, 1.4682604e-06, 1.677471e-06, 1.9221256e-06, 2.2120232e-06, 2.5589384e-06, 2.9774976e-06, 3.4862082e-06, 4.108844e-06, 4.8762063e-06, 5.8284622e-06, 7.018293e-06, 8.51522e-06, 1.0411179e-05, 1.2828332e-05, 1.5929236e-05, 1.993056e-05, 2.5120607e-05, 3.1882657e-05, 4.072362e-05, 5.2309402e-05, 6.750876e-05, 8.745411e-05, 0.00011369247, 0.00014882174, 0.00019940412, 0.0002882814, 0.0005112182, 0.0014263856, 0.009247248, 0.1696477, 0.88041276, 0.98388135]
j = 33, h_j = [2.3263938e-05, 1.3337567e-06, 8.174771e-07, 8.6861445e-07, 9.969583e-07, 1.14754e-06, 1.3158492e-06, 1.5074431e-06, 1.7305578e-06, 1.9948172e-06, 2.3116058e-06, 2.6948962e-06, 3.1624097e-06, 3.7369743e-06, 4.4483145e-06, 5.3355297e-06, 6.4502356e-06, 7.861114e-06, 9.65977e-06, 1.1968989e-05, 1.49537045e-05, 1.8835626e-05, 2.3912651e-05, 3.0584077e-05, 3.9382525e-05, 5.1013394e-05, 6.6402405e-05, 8.6763335e-05, 0.000113761664, 0.00015022953, 0.00020353329, 0.00030029783, 0.0005579593, 0.0017266916, 0.013557728, 0.27442876, 0.9273724, 0.9874276]
j = 34, h_j = [2.2684984e-05, 1.3391225e-06, 8.222152e-07, 8.74888e-07, 1.0066094e-06, 1.1623454e-06, 1.3379736e-06, 1.5396981e-06, 1.7766286e-06, 2.0595846e-06, 2.4015726e-06, 2.8188613e-06, 3.3323045e-06, 3.9691126e-06, 4.7651392e-06, 5.768035e-06, 7.04145e-06, 8.670985e-06, 1.077211e-05, 1.3501194e-05, 1.7070302e-05, 2.17672e-05, 2.7981469e-05, 3.6238533e-05, 4.7241807e-05, 6.192506e-05, 8.151855e-05, 0.00010768133, 0.00014301487, 0.0001935842, 0.0002804285, 0.00049439864, 0.0013783147, 0.009229942, 0.18240264, 0.8970521, 0.9860664]
j = 35, h_j = [2.366316e-05, 1.3899249e-06, 8.4600606e-07, 8.998287e-07, 1.037929e-06, 1.2026987e-06, 1.3901264e-06, 1.6072868e-06, 1.8645593e-06, 2.174417e-06, 2.552163e-06, 3.0171784e-06, 3.5946775e-06, 4.3179234e-06, 5.2312935e-06, 6.3944635e-06, 7.8881185e-06, 9.821923e-06, 1.2345648e-05, 1.5664315e-05, 2.0058695e-05, 2.5913454e-05, 3.375325e-05, 4.428981e-05, 5.8480233e-05, 7.760253e-05, 0.00010339551, 0.00013857124, 0.00018934894, 0.00027741454, 0.000498964, 0.0014563209, 0.010734296, 0.22858992, 0.9194448, 0.98756915]
j = 36, h_j = [2.3933002e-05, 1.4256216e-06, 8.656903e-07, 9.221238e-07, 1.0670473e-06, 1.2409806e-06, 1.4400758e-06, 1.6722607e-06, 1.9491652e-06, 2.2849713e-06, 2.697282e-06, 3.2086707e-06, 3.8488165e-06, 4.657287e-06, 5.687423e-06, 7.011644e-06, 8.728896e-06, 1.0975144e-05, 1.39378135e-05, 1.7876037e-05, 2.3148106e-05, 3.0248535e-05, 3.9856997e-05, 5.2900545e-05, 7.063483e-05, 9.4778414e-05, 0.00012793753, 0.00017566884, 0.00025656403, 0.00045260743, 0.0012680884, 0.0088482, 0.19131675, 0.9079364, 0.9870449]
j = 37, h_j = [2.3732087e-05, 1.4463576e-06, 8.782786e-07, 9.3645934e-07, 1.0862474e-06, 1.2673383e-06, 1.4763367e-06, 1.7221513e-06, 2.0177772e-06, 2.3792636e-06, 2.8268241e-06, 3.3867695e-06, 4.0940586e-06, 4.9959085e-06, 6.1566097e-06, 7.664425e-06, 9.641381e-06, 1.2256796e-05, 1.5746751e-05, 2.0440426e-05, 2.6797174e-05, 3.5455385e-05, 4.729689e-05, 6.3530126e-05, 8.581199e-05, 0.000116553565, 0.0001603191, 0.00023092466, 0.0003870097, 0.00096432574, 0.00551085, 0.106363915, 0.849169, 0.98446184]
j = 38, h_j = [2.4714986e-05, 1.5039021e-06, 9.068705e-07, 9.669378e-07, 1.1248103e-06, 1.3174287e-06, 1.5417759e-06, 1.808162e-06, 2.1315834e-06, 2.5308775e-06, 3.0301314e-06, 3.6611386e-06, 4.466781e-06, 5.505663e-06, 6.8586846e-06, 8.638317e-06, 1.1001928e-05, 1.4170754e-05, 1.8456492e-05, 2.4298943e-05, 3.2316664e-05, 4.337592e-05, 5.8681006e-05, 7.990538e-05, 0.00010949835, 0.0001520297, 0.00022116552, 0.00037580292, 0.00096537464, 0.0059287394, 0.12608024, 0.87529767, 0.98590034]
j = 39, h_j = [2.4187322e-05, 1.5224251e-06, 9.2203936e-07, 9.86961e-07, 1.1537994e-06, 1.3587039e-06, 1.5992199e-06, 1.8870493e-06, 2.239366e-06, 2.678079e-06, 3.2316848e-06, 3.9383003e-06, 4.8499837e-06, 6.0388206e-06, 7.6055053e-06, 9.691918e-06, 1.24990365e-05, 1.6312797e-05, 2.1540996e-05, 2.8764747e-05, 3.8809565e-05, 5.284065e-05, 7.24977e-05, 0.00010015986, 0.00013996828, 0.00020318352, 0.00033661007, 0.00080856733, 0.0044181603, 0.08680835, 0.8325134, 0.9841436]
j = 40, h_j = [2.510418e-05, 1.5875527e-06, 9.552135e-07, 1.0228358e-06, 1.2000017e-06, 1.4198117e-06, 1.6804012e-06, 1.9954755e-06, 2.3851796e-06, 2.8756533e-06, 3.5014757e-06, 4.3096047e-06, 5.3651543e-06, 6.7595292e-06, 8.622235e-06, 1.1138283e-05, 1.45732165e-05, 1.930982e-05, 2.5900163e-05, 3.5138837e-05, 4.8164242e-05, 6.660255e-05, 9.2836985e-05, 0.00013097833, 0.00019195351, 0.0003213483, 0.000787645, 0.004535927, 0.09725189, 0.85439235, 0.9853064]
j = 41, h_j = [2.5580755e-05, 1.6472236e-06, 9.874714e-07, 1.059107e-06, 1.248478e-06, 1.4860211e-06, 1.7707757e-06, 2.1189321e-06, 2.5545007e-06, 3.1092509e-06, 3.8259586e-06, 4.7638036e-06, 6.0060825e-06, 7.671635e-06, 9.931504e-06, 1.3033751e-05, 1.7339811e-05, 2.3377761e-05, 3.1918556e-05, 4.4084096e-05, 6.150204e-05, 8.658399e-05, 0.00012344636, 0.00018271175, 0.00030861745, 0.00076793757, 0.0046181106, 0.10692137, 0.8713605, 0.98627836]
j = 42, h_j = [2.5300491e-05, 1.6895477e-06, 1.0148722e-06, 1.0921058e-06, 1.294478e-06, 1.5508747e-06, 1.8616278e-06, 2.245885e-06, 2.7322487e-06, 3.3593049e-06, 4.1799935e-06, 5.2687847e-06, 6.7322903e-06, 8.725052e-06, 1.1473143e-05, 1.5309482e-05, 2.0726542e-05, 2.8453505e-05, 3.956819e-05, 5.565899e-05, 7.9097525e-05, 0.00011382199, 0.00016926398, 0.00028305664, 0.00067851145, 0.0038241895, 0.0858939, 0.8507888, 0.98568183]
j = 43, h_j = [2.5689054e-05, 1.7588632e-06, 1.0509091e-06, 1.1297275e-06, 1.3437611e-06, 1.6197878e-06, 1.9600361e-06, 2.387797e-06, 2.9381763e-06, 3.6596866e-06, 4.6204705e-06, 5.918519e-06, 7.697005e-06, 1.0167601e-05, 1.3646042e-05, 1.860561e-05, 2.5757938e-05, 3.6171416e-05, 5.1445746e-05, 7.3997166e-05, 0.00010781634, 0.00016217642, 0.0002737671, 0.00066552026, 0.003917493, 0.095791176, 0.8714647, 0.987059]
j = 44, h_j = [2.4788065e-05, 1.7865713e-06, 1.0760031e-06, 1.1632525e-06, 1.3940588e-06, 1.6952773e-06, 2.0717116e-06, 2.5516667e-06, 3.1783252e-06, 4.0127215e-06, 5.142534e-06, 6.696381e-06, 8.866052e-06, 1.194067e-05, 1.6359629e-05, 2.2793542e-05, 3.2266962e-05, 4.6341807e-05, 6.740841e-05, 9.935149e-05, 0.00015050941, 0.00025158512, 0.00058390596, 0.003138174, 0.07193702, 0.8425365, 0.9862639]
j = 45, h_j = [2.4570503e-05, 1.8467423e-06, 1.1195791e-06, 1.2187455e-06, 1.473633e-06, 1.809687e-06, 2.2349795e-06, 2.7846393e-06, 3.5128876e-06, 4.4979947e-06, 5.854802e-06, 7.755183e-06, 1.0460463e-05, 1.4372153e-05, 2.0111753e-05, 2.864419e-05, 4.1468138e-05, 6.0922514e-05, 9.0856265e-05, 0.00013942613, 0.00023618108, 0.00055887614, 0.0031574923, 0.07962217, 0.86165893, 0.9869937]
j = 46, h_j = [2.659128e-05, 2.0187242e-06, 1.2073644e-06, 1.3135922e-06, 1.5996043e-06, 1.9849151e-06, 2.4824233e-06, 3.138452e-06, 4.0257537e-06, 5.252329e-06, 6.9809125e-06, 9.461378e-06, 1.3082916e-05, 1.8457407e-05, 2.6552254e-05, 3.890146e-05, 5.796411e-05, 8.798428e-05, 0.00013887812, 0.0002511973, 0.00070783286, 0.0059191245, 0.2153057, 0.94289917, 0.9904835]
j = 47, h_j = [2.4605724e-05, 2.0339558e-06, 1.2391381e-06, 1.3601845e-06, 1.6730359e-06, 2.100715e-06, 2.6629816e-06, 3.4185705e-06, 4.4611616e-06, 5.93353e-06, 8.056471e-06, 1.1177655e-05, 1.5851678e-05, 2.2970818e-05, 3.3977056e-05, 5.1219e-05, 7.8713485e-05, 0.00012513952, 0.0002227502, 0.00058480457, 0.004257814, 0.15025158, 0.92692447, 0.989988]
j = 48, h_j = [2.3826015e-05, 2.0962002e-06, 1.291265e-06, 1.4271941e-06, 1.7729658e-06, 2.2542752e-06, 2.9001374e-06, 3.786726e-06, 5.0377143e-06, 6.846804e-06, 9.521935e-06, 1.3560707e-05, 1.9776857e-05, 2.951062e-05, 4.498604e-05, 7.002652e-05, 0.000112534064, 0.00019963317, 0.00050364056, 0.0033728965, 0.116558276, 0.9145148, 0.9897166]
j = 49, h_j = [2.0412841e-05, 2.040978e-06, 1.3083812e-06, 1.4753767e-06, 1.8659256e-06, 2.417589e-06, 3.174557e-06, 4.239717e-06, 5.7837005e-06, 8.082714e-06, 1.1590508e-05, 1.7064312e-05, 2.5781039e-05, 3.9911236e-05, 6.322962e-05, 0.00010320088, 0.0001828306, 0.00043923853, 0.0026213026, 0.08428787, 0.8940532, 0.9891956]
j = 50, h_j = [1.8871513e-05, 2.0988766e-06, 1.3764385e-06, 1.5656819e-06, 2.0038053e-06, 2.6386322e-06, 3.535203e-06, 4.8352886e-06, 6.7800465e-06, 9.773747e-06, 1.450392e-05, 2.2156328e-05, 3.4796638e-05, 5.6096575e-05, 9.3307906e-05, 0.00016785317, 0.00040512343, 0.0024387282, 0.0838417, 0.9017952, 0.98993206]
j = 51, h_j = [2.0686415e-05, 2.3658824e-06, 1.5364683e-06, 1.741498e-06, 2.2456666e-06, 3.0032152e-06, 4.1112426e-06, 5.775334e-06, 8.355907e-06, 1.24795515e-05, 1.925124e-05, 3.0646966e-05, 5.029597e-05, 8.569914e-05, 0.0001604231, 0.00042405876, 0.003193169, 0.14605005, 0.9422929, 0.99174374]
j = 52, h_j = [2.1854434e-05, 2.5923734e-06, 1.6855693e-06, 1.9282431e-06, 2.53222e-06, 3.4693664e-06, 4.8887405e-06, 7.100278e-06, 1.0665676e-05, 1.6600492e-05, 2.6768566e-05, 4.4684184e-05, 7.769569e-05, 0.00014829845, 0.00039690614, 0.0030487608, 0.14916058, 0.946173, 0.99206674]
j = 53, h_j = [2.1188605e-05, 2.7036226e-06, 1.7975365e-06, 2.086742e-06, 2.7859408e-06, 3.890918e-06, 5.6052536e-06, 8.348165e-06, 1.2897565e-05, 2.0701927e-05, 3.4526318e-05, 6.0069066e-05, 0.0001130292, 0.0002769056, 0.0016384482, 0.06311957, 0.8982511, 0.99049056]
j = 54, h_j = [2.19452e-05, 3.0039025e-06, 2.0245736e-06, 2.3737066e-06, 3.2260434e-06, 4.6210703e-06, 6.8721592e-06, 1.0627358e-05, 1.71378e-05, 2.8864935e-05, 5.1043273e-05, 9.832661e-05, 0.00024859697, 0.0015536968, 0.06710758, 0.91005456, 0.99105704]
j = 55, h_j = [2.1963917e-05, 3.207857e-06, 2.2143408e-06, 2.628636e-06, 3.6499273e-06, 5.4017496e-06, 8.385379e-06, 1.3661669e-05, 2.341529e-05, 4.2436914e-05, 8.3934225e-05, 0.00021345768, 0.0012621202, 0.051320627, 0.8975643, 0.9912537]
j = 56, h_j = [2.5011845e-05, 3.8813196e-06, 2.708495e-06, 3.2415558e-06, 4.5864817e-06, 6.9933462e-06, 1.1299106e-05, 1.9372643e-05, 3.5620156e-05, 7.356489e-05, 0.00020881757, 0.0015833615, 0.08982188, 0.93711066, 0.9923382]
j = 57, h_j = [2.1566771e-05, 3.686779e-06, 2.7695116e-06, 3.721823e-06, 6.0645834e-06, 1.0829482e-05, 2.0735635e-05, 4.240083e-05, 9.348443e-05, 0.0002471869, 0.0013505444, 0.052486755, 0.9114549, 0.9925015]
j = 58, h_j = [2.0367766e-05, 4.117835e-06, 3.3333406e-06, 4.8452316e-06, 8.7003245e-06, 1.7390219e-05, 3.7692338e-05, 8.886152e-05, 0.0002525171, 0.0015401726, 0.07512006, 0.94056726, 0.993471]
j = 59, h_j = [2.1349533e-05, 4.951984e-06, 4.1624426e-06, 5.840436e-06, 9.943539e-06, 1.8982013e-05, 4.1163967e-05, 0.000117098534, 0.0007887344, 0.045385975, 0.9179381, 0.99224114]
j = 60, h_j = [2.3117442e-05, 5.8522783e-06, 5.2125592e-06, 7.653541e-06, 1.3848355e-05, 2.9672718e-05, 8.68978e-05, 0.0006324882, 0.041552346, 0.9176038, 0.9920031]
j = 61, h_j = [2.6042824e-05, 7.1461313e-06, 6.875516e-06, 1.0998362e-05, 2.3414932e-05, 7.634459e-05, 0.0007773831, 0.087688655, 0.9558932, 0.9927799]
j = 62, h_j = [2.8514025e-05, 8.461614e-06, 8.968216e-06, 1.6595017e-05, 5.0358936e-05, 0.00047330835, 0.056570936, 0.95142955, 0.99253666]
j = 63, h_j = [3.379854e-05, 1.0926998e-05, 1.3458334e-05, 3.5192228e-05, 0.00030762752, 0.042744845, 0.9586209, 0.9929268]
j = 64, h_j = [4.051545e-05, 1.51145105e-05, 2.457327e-05, 0.00014570952, 0.014203264, 0.9419639, 0.9937436]
j = 65, h_j = [6.271594e-05, 2.9648616e-05, 0.00012133265, 0.015128597, 0.9740917, 0.9958787]
j = 66, h_j = [0.00015658977, 0.00020486854, 0.03343745, 0.9920036, 0.9968077]
j = 67, h_j = [0.00079435186, 0.01481742, 0.98344606, 0.9979488]
j = 68, h_j = [0.04826466, 0.9721577, 0.99856025]
success interveved
success rate is 1.0
ave tte is 2.0
